100
22 194 153
435 777 133
456 838 308
4 4 4
297 261 689
512 512 257
3 2 2
584 546 676
7 8 5
736 631 307
934 549 75
751 263 161
513 513 257
512 512 256
103 143 88
697 964 167
496 374 744
220 546 15
814 740 983
415 289 79
747 590 465
800 751 920
511 825 547
513 513 2
945 840 424
3 1 5
3 5 3
512 512 1
956 661 67
698 586 951
45 56 35
512 512 2
367 327 743
995 886 230
513 513 256
5 3 3
127 763 110
49 232 15
4 3 4
2 5 2
909 261 971
980 118 73
393 6 792
4 2 2
439 865 422
854 244 181
3 5 2
251 31 337
895 248 72
1 1 1
742 209 887
1 5 1
4 4 4
5 3 3
915 405 799
173 106 854
984 275 7
5 3 1
316 547 283
854 341 684
5 4 3
560 492 162
2 4 5
420 635 162
2 3 2
1 1 1000
327 617 219
32 146 15
900 330 101
528 981 747
3 3 1
665 512 669
217 869 193
661 866 191
3 4 2
972 829 193
513 513 512
5 1 2
512 512 513
887 240 674
635 642 110
1000 1000 1
4 3 3
726 465 774
4 5 2
431 383 326
169 913 96
558 913 178
280 17 853
513 513 1
880 198 33
792 577 701
717 361 958
401 184 98
478 173 32
870 123 870
1 3 5
234 74 62
139 797 698
22 851 3
