100
441.00000 1.00000 480.00000
212.0 3.0 59.0
481.83600 1.71757 1872.99198
1.00 2.312 1869.52
492.0 4.0 123.0
490.42750 1.42405 1910.50513
276.00000 2.00000 318.00000
119.06695 3.20897 1462.02625
106.52394 3.94985 758.29914
117.54524 1.94089 1915.18900
57.0 3.1261 1859.1143
490.22663 1.33465 1980.70595
68.0 2.0 1436.0
493.60085 1.24306 1927.27423
494.37796 1.01141 1952.61925
498.55967 1.28142 1917.88077
364.49561 3.89772 678.37442
260.00000 2.00000 520.00000
497.15802 1.34047 1981.00184
251.01825 2.79447 979.08482
496.31512 1.19505 1935.68679
444.6682 2.855 1642.5553
497.05339 1.46930 1929.81861
490.80752 1.26875 1982.71597
490.31889 1.20821 1912.73219
495.60335 1.39070 1922.68740
1.02803 3.76075 1999.20864
491.29509 1.16970 1979.34958
282.1 2.9783 1941.65773
166.99110 2.88948 1514.77440
269.52249 3.42656 1242.38318
354.70392 3.22861 1811.15545
478.0 3.963 1266.51
411.0 1.1604 690.0
1.08107 3.93523 1999.04030
55.74933 3.52905 41.60180
492.51630 1.10213 1906.42412
63.00005 3.50801 591.94421
490.59148 1.17059 1970.25840
498.40557 1.23504 1919.53598
439.9931 3.941 864.0541
27.16742 3.41995 1187.80115
48.0 1.0 1156.0
395.5344 3.7 1692.63863
494.50380 1.44590 1922.39021
332.03877 3.67734 1203.62892
500.0 2.055 960.9986
497.02073 1.38386 1901.63910
67.42083 3.69710 1161.50495
376.0 1.0 1243.0
135.0 4.0 1077.0
112.0 1.0 36.0
35.36615 3.54403 33.45685
1.00245 3.37421 1999.88116
409.0 4.0 491.0
38.76686 3.72590 343.05096
491.71683 1.24295 1909.24072
58.6400 1.25862 1278.0
346.00000 4.00000 376.00000
430.02118 2.14071 550.77461
411.00000 4.00000 454.00000
105.00000 2.00000 210.00000
498.14745 1.09716 1996.13056
494.18361 1.15219 1943.66130
493.22150 1.46395 1915.50218
491.10315 1.00555 1915.09872
142.06 2.5 1651.0
316.0 3.0 1950.0
492.51618 1.50 2000.000
1.55037 3.72159 2.71348
456.00000 2.00000 912.00000
70.43 2.534 1.000
356.78930 2.22501 69.18356
147.0 3.0 1430.0
103.0 4.0 579.0
1.05747 3.00773 1999.28372
498.74512 1.09327 1962.65193
497.23699 1.27636 1930.37373
498.97745 1.19614 1991.78977
495.07266 1.03598 1977.75944
28.85077 2.792 984.3
223.0 4.0 897.0
491.96040 1.22912 1900.42873
87.26013 3.28592 1917.66590
494.49115 1.49168 1961.67327
286.0 4.0 1895.0
463.0185 1.029 67.72966
496.54885 1.41877 1981.65324
494.31005 1.00344 1922.42093
336.0 4.0 1167.74772
498.47195 1.04878 1992.91306
491.02962 1.14114 1958.85321
115.07710 3.57607 1579.02052
494.43474 1.04792 1920.76323
446.00000 2.00000 892.00000
494.71819 1.29873 1946.28663
493.93984 1.05509 1964.78373
410.344 1.94 1175.485
364.5 1.06511 25.61646
220.5050 1.0 1693.0
