100
5 000601
3 7561
6 6073142
3 1101
0 4
2 001
6 5080007
6 0702601
6 0124844
5 399631
0 1
3 8001
6 7001001
1 09
6 2773608
6 1044221
2 001
6 1212022
4 70801
6 1700091
6 1210121
6 6000006
3 7001
6 1111111
6 2060001
6 0600001
0 4
4 01022
2 623
6 0000009
6 0222211
3 0001
6 0080701
6 1102122
6 2112021
0 1
5 111112
6 3004001
4 11111
5 000007
6 0680001
6 0000001
6 9000006
0 1
6 6269907
6 0000001
6 8000001
6 9380112
4 11111
2 901
4 22112
6 0000001
4 50006
1 61
5 000061
6 0903081
5 202638
0 1
6 0926062
4 12221
3 5001
1 85
6 0020001
6 0700081
0 2
6 6686001
4 80001
6 0000004
3 0001
0 1
6 6300979
5 020001
6 0008001
0 1
2 401
6 2201211
6 2201222
5 110011
6 0500001
6 6000051
6 1121222
5 201101
6 0000001
5 112211
6 9999999
6 0000001
6 0400001
6 0000001
6 0000001
6 8163727
1 61
6 0000891
6 1700066
6 1112011
3 9282
6 1111221
6 0000001
3 0121
6 6010003
2 001
